61
-3.06152e-017 -2.62441e-032 -0.01
-0.0194466 -0.0175098 -0.499315
-0.0054631 -0.0519779 -0.497261
0.0459749 -0.0632791 -0.493844
0.101684 -0.0216136 -0.489074
0.112072 0.0647048 -0.482963
0.0477458 0.146946 -0.475528
-0.0728807 0.163693 -0.46679
-0.185786 0.0827173 -0.456773
-0.215885 -0.0701454 -0.445503
-0.125 -0.216506 -0.433013
0.0566184 -0.266369 -0.419335
0.237764 -0.172746 -0.404508
0.312936 0.0328909 -0.388573
0.223868 0.24863 -0.371572
-1.51537e-016 0.353553 -0.353553
-0.24863 0.276132 -0.334565
-0.386444 0.0406169 -0.31466
-0.327254 -0.237764 -0.293893
-0.0871847 -0.410172 -0.27232
0.216506 -0.375 -0.25
0.423699 -0.137668 -0.226995
0.417283 0.185786 -0.203368
0.189861 0.426434 -0.179184
-0.146946 0.452254 -0.154508
-0.418258 0.241481 -0.12941
-0.478386 -0.101684 -0.103956
-0.290274 -0.399528 -0.0782172
0.0519779 -0.494537 -0.0522642
0.371063 -0.334107 -0.026168
0.5 0 0
0.371063 0.334107 0.026168
0.0519779 0.494537 0.0522642
-0.290274 0.399528 0.0782172
-0.478386 0.101684 0.103956
-0.418258 -0.241481 0.12941
-0.146946 -0.452254 0.154508
0.189861 -0.426434 0.179184
0.417283 -0.185786 0.203368
0.423699 0.137668 0.226995
0.216506 0.375 0.25
-0.0871847 0.410172 0.27232
-0.327254 0.237764 0.293893
-0.386444 -0.0406169 0.31466
-0.24863 -0.276132 0.334565
-1.51537e-016 -0.353553 0.353553
0.223868 -0.24863 0.371572
0.312936 -0.0328909 0.388573
0.237764 0.172746 0.404508
0.0566184 0.266369 0.419335
-0.125 0.216506 0.433013
-0.215885 0.0701454 0.445503
-0.185786 -0.0827173 0.456773
-0.0728807 -0.163693 0.46679
0.0477458 -0.146946 0.475528
0.112072 -0.0647048 0.482963
0.101684 0.0216136 0.489074
0.0459749 0.0632791 0.493844
-0.0054631 0.0519779 0.497261
-0.0194466 0.0175098 0.499315
-3.06152e-017 2.62441e-032 0.5
